0.000000
0.000000
0.000000
0.000000
0.000000
0.000000
0.000000
0.000000
0.000000
0.000000
0.000000
0.000000
0.000000
0.000000
0.000000
0.000000
0.000000
0.000000
0.000000
0.000000
0.000000
0.000000
0.000000
0.000000
0.000000
0.000000
0.000000
0.000000
0.000000
0.000000
0.000000
0.000000
0.000000
0.000000
0.000000
0.000000
0.000000
0.000000
0.000000
0.000000
0.000000
0.000000
0.000001
0.000003
0.000010
0.000035
0.000110
0.000315
0.000823
0.001964
0.004259
0.008399
0.015104
0.024977
0.038564
0.056813
0.081587
0.115447
0.160417
0.216959
0.284652
0.363544
0.453297
0.550798
0.650594
0.747699
0.837175
0.912012
0.965731
0.995125
0.997704
0.972004
0.920910
0.848734
0.759853
0.661470
0.560028
0.460389
0.368218
0.286258
0.216052
0.158882
0.113301
0.078666
0.053174
0.034765
0.022339
0.013749
0.008387
0.004893
0.002799
0.001586
0.000818
0.000479
0.000201
0.000140
0.000037
0.000040
0.000006
0.000006
0.000006
0.000040
0.000037
0.000140
0.000201
0.000479
0.000818
0.001586
0.002799
0.004893
0.008387
0.013749
0.022339
0.034765
0.053174
0.078666
0.113301
0.158882
0.216052
0.286258
0.368218
0.460389
0.560028
0.661470
0.759853
0.848734
0.920910
0.972004
0.997704
0.995125
0.965731
0.912012
0.837175
0.747699
0.650594
0.550798
0.453297
0.363544
0.284652
0.216959
0.160417
0.115447
0.081587
0.056813
0.038564
0.024977
0.015104
0.008399
0.004259
0.001964
0.000823
0.000315
0.000110
0.000035
0.000010
0.000003
0.000001
0.000000
0.000000
0.000000
0.000000
0.000000
0.000000
0.000000
0.000000
0.000000
0.000000
0.000000
0.000000
0.000000
0.000000
0.000000
0.000000
0.000000
0.000000
0.000000
0.000000
0.000000
0.000000
0.000000
0.000000
0.000000
0.000000
0.000000
0.000000
0.000000
0.000000
0.000000
0.000000
0.000000
0.000000
0.000000
0.000000
0.000000
0.000000
0.000000
0.000000
0.000000
0.000000
0.000000
