-0.000000
-0.000000
-0.000000
-0.000000
-0.000000
-0.000000
-0.000000
-0.000000
-0.000000
-0.000000
-0.000000
-0.000000
-0.000000
-0.000000
-0.000000
-0.000000
-0.000000
-0.000000
-0.000000
-0.000000
-0.000000
-0.000000
-0.000000
-0.000000
-0.000000
-0.000000
-0.000000
-0.000000
-0.000000
-0.000000
-0.000000
-0.000000
-0.000000
-0.000000
-0.000000
-0.000000
-0.000000
-0.000000
-0.000000
-0.000000
-0.000000
-0.000000
-0.000002
-0.000008
-0.000026
-0.000084
-0.000245
-0.000656
-0.001599
-0.003547
-0.007156
-0.013156
-0.022188
-0.034788
-0.051746
-0.074666
-0.106010
-0.148080
-0.201758
-0.266695
-0.342754
-0.429918
-0.525936
-0.625690
-0.723877
-0.815812
-0.895038
-0.954483
-0.990157
-0.999708
-0.981027
-0.935838
-0.868589
-0.783348
-0.686587
-0.585466
-0.484854
-0.390351
-0.305751
-0.232385
-0.171998
-0.123669
-0.086323
-0.058838
-0.038725
-0.024999
-0.015584
-0.009464
-0.005657
-0.003179
-0.001867
-0.000940
-0.000566
-0.000241
-0.000160
-0.000052
-0.000042
-0.000010
-0.000009
0.000009
0.000010
0.000042
0.000052
0.000160
0.000241
0.000566
0.000940
0.001867
0.003179
0.005657
0.009464
0.015584
0.024999
0.038725
0.058838
0.086323
0.123669
0.171998
0.232385
0.305751
0.390351
0.484854
0.585466
0.686587
0.783348
0.868589
0.935838
0.981027
0.999708
0.990157
0.954483
0.895038
0.815812
0.723877
0.625690
0.525936
0.429918
0.342754
0.266695
0.201758
0.148080
0.106010
0.074666
0.051746
0.034788
0.022188
0.013156
0.007156
0.003547
0.001599
0.000656
0.000245
0.000084
0.000026
0.000008
0.000002
0.000000
0.000000
0.000000
0.000000
0.000000
0.000000
0.000000
0.000000
0.000000
0.000000
0.000000
0.000000
0.000000
0.000000
0.000000
0.000000
0.000000
0.000000
0.000000
0.000000
0.000000
0.000000
0.000000
0.000000
0.000000
0.000000
0.000000
0.000000
0.000000
0.000000
0.000000
0.000000
0.000000
0.000000
0.000000
0.000000
0.000000
0.000000
0.000000
0.000000
0.000000
0.000000
0.000000
0.000000
