0.000000
475.500000
633.666667
712.750000
760.200000
791.833333
814.428571
831.375000
844.555556
855.100000
863.727273
870.916667
877.000000
882.214286
886.733333
890.687500
894.176471
897.277778
900.052632
902.550000
904.809524
906.863636
908.739130
910.458333
912.040000
913.500000
914.851852
916.107143
917.275862
918.366667
919.387097
920.343750
921.242424
922.088235
922.885714
923.638889
924.351351
925.026316
925.666667
926.275000
926.853659
927.404762
927.930233
928.431818
928.911111
929.369565
929.808511
930.229167
930.632653
931.020000
931.392157
931.750000
932.094340
932.425926
932.745455
933.053571
933.350877
933.637931
933.915254
934.183333
934.442623
934.693548
934.936508
935.171875
935.400000
935.621212
935.835821
936.044118
936.246377
936.442857
936.633803
936.819444
937.000000
937.175676
937.346667
937.513158
937.675325
937.833333
937.987342
938.137500
938.283951
938.426829
938.566265
938.702381
938.835294
938.965116
939.091954
939.215909
939.337079
939.455556
939.571429
939.684783
939.795699
939.904255
940.010526
940.114583
940.216495
940.316327
940.414141
940.510000
940.603960
940.696078
940.786408
940.875000
940.961905
941.047170
941.130841
941.212963
941.293578
941.372727
941.450450
941.526786
941.601770
941.675439
941.747826
941.818966
941.888889
941.957627
942.025210
942.091667
942.157025
942.221311
942.284553
942.346774
942.408000
942.468254
942.527559
942.585938
942.643411
942.700000
942.755725
942.810606
942.864662
942.917910
942.970370
943.022059
943.072993
943.123188
943.172662
943.221429
943.269504
943.316901
943.363636
943.409722
943.455172
943.500000
943.544218
943.587838
943.630872
943.673333
943.715232
943.756579
943.797386
943.837662
943.877419
943.916667
943.955414
943.993671
944.031447
944.068750
944.105590
944.141975
944.177914
944.213415
944.248485
944.283133
944.317365
944.351190
944.384615
944.417647
944.450292
944.482558
944.514451
944.545977
944.577143
944.607955
944.638418
944.668539
944.698324
944.727778
944.756906
944.785714
944.814208
944.842391
944.870270
944.897849
944.925134
944.952128
944.978836
945.005263
945.031414
945.057292
945.082902
945.108247
945.133333
945.158163
945.182741
945.207071
945.231156
945.255000
945.278607
945.301980
945.325123
945.348039
945.370732
945.393204
945.415459
945.437500
945.459330
945.480952
945.502370
945.523585
945.544601
945.565421
945.586047
945.606481
945.626728
945.646789
945.666667
945.686364
945.705882
945.725225
945.744395
945.763393
945.782222
945.800885
945.819383
945.837719
945.855895
945.873913
945.891775
945.909483
945.927039
945.944444
945.961702
945.978814
945.995781
946.012605
946.029289
946.045833
946.062241
946.078512
946.094650
946.110656
946.126531
946.142276
946.157895
946.173387
946.188755
946.204000
946.219124
946.234127
946.249012
946.263780
946.278431
946.292969
946.307393
946.321705
946.335907
946.350000
946.363985
946.377863
946.391635
946.405303
946.418868
946.432331
946.445693
946.458955
946.472119
946.485185
946.498155
946.511029
946.523810
946.536496
946.549091
946.561594
946.574007
946.586331
946.598566
946.610714
946.622776
946.634752
946.646643
946.658451
946.670175
946.681818
946.693380
946.704861
946.716263
946.727586
946.738832
946.750000
946.761092
946.772109
946.783051
946.793919
946.804714
946.815436
946.826087
946.836667
946.847176
946.857616
946.867987
946.878289
946.888525
946.898693
946.908795
946.918831
946.928803
946.938710
946.948553
946.958333
946.968051
946.977707
946.987302
946.996835
947.006309
947.015723
947.025078
947.034375
947.043614
947.052795
947.061920
947.070988
947.080000
947.088957
947.097859
947.106707
947.115502
947.124242
947.132931
947.141566
947.150150
947.158683
947.167164
947.175595
947.183976
947.192308
947.200590
947.208824
947.217009
947.225146
947.233236
947.241279
947.249275
947.257225
947.265130
947.272989
947.280802
947.288571
947.296296
947.303977
947.311615
947.319209
947.326761
947.334270
947.341737
947.349162
947.356546
947.363889
947.371191
947.378453
947.385675
947.392857
947.400000
947.407104
947.414169
947.421196
947.428184
947.435135
947.442049
947.448925
947.455764
947.462567
947.469333
947.476064
947.482759
947.489418
947.496042
947.502632
947.509186
947.515707
947.522193
947.528646
947.535065
947.541451
947.547804
947.554124
947.560411
947.566667
947.572890
947.579082
947.585242
947.591371
947.597468
947.603535
947.609572
947.615578
947.621554
947.627500
947.633416
947.639303
947.645161
947.650990
947.656790
947.662562
947.668305
947.674020
947.679707
947.685366
947.690998
947.696602
947.702179
947.707729
947.713253
947.718750
947.724221
947.729665
947.735084
947.740476
947.745843
947.751185
947.756501
947.761792
947.767059
947.772300
947.777518
947.782710
947.787879
947.793023
947.798144
947.803241
947.808314
947.813364
947.818391
947.823394
947.828375
947.833333
947.838269
947.843182
947.848073
947.852941
947.857788
947.862613
947.867416
947.872197
947.876957
947.881696
947.886414
947.891111
947.895787
947.900442
947.905077
947.909692
947.914286
947.918860
947.923414
947.927948
947.932462
947.936957
947.941432
947.945887
947.950324
947.954741
947.959140
947.963519
947.967880
947.972222
947.976546
947.980851
947.985138
947.989407
947.993658
947.997890
948.002105
948.006303
948.010482
948.014644
948.018789
948.022917
948.027027
948.031120
948.035197
948.039256
948.043299
948.047325
948.051335
948.055328
948.059305
948.063265
948.067210
948.071138
948.075051
948.078947
948.082828
948.086694
948.090543
948.094378
948.098196
948.102000
948.105788
948.109562
948.113320
948.117063
948.120792
948.124506
948.128205
948.131890
948.135560
948.139216
948.142857
948.146484
948.150097
948.153696
948.157282
948.160853
948.164410
948.167954
948.171484
948.175000
948.178503
948.181992
948.185468
948.188931
948.192381
948.195817
948.199241
948.202652
948.206049
948.209434
948.212806
948.216165
948.219512
948.222846
948.226168
948.229478
948.232775
948.236059
948.239332
948.242593
948.245841
948.249077
948.252302
948.255515
948.258716
948.261905
948.265082
948.268248
948.271403
948.274545
948.277677
948.280797
948.283906
948.287004
948.290090
948.293165
948.296230
948.299283
948.302326
948.305357
948.308378
948.311388
948.314387
948.317376
948.320354
948.323322
948.326279
948.329225
948.332162
948.335088
948.338004
948.340909
948.343805
948.346690
948.349565
948.352431
948.355286
948.358131
948.360967
948.363793
948.366609
948.369416
948.372213
948.375000
948.377778
948.380546
948.383305
948.386054
948.388795
948.391525
948.394247
948.396959
948.399663
948.402357
948.405042
948.407718
948.410385
948.413043
948.415693
948.418333
948.420965
948.423588
948.426202
948.428808
948.431405
948.433993
948.436573
948.439145
948.441708
948.444262
948.446809
948.449346
948.451876
948.454397
948.456911
948.459416
948.461912
948.464401
948.466882
948.469355
948.471820
948.474277
948.476726
948.479167
948.481600
948.484026
948.486443
948.488854
948.491256
948.493651
948.496038
948.498418
948.500790
948.503155
948.505512
948.507862
948.510204
948.512539
948.514867
948.517187
948.519501
948.521807
948.524106
948.526398
948.528682
948.530960
948.533230
948.535494
948.537750
948.540000
948.542243
948.544479
948.546708
948.548930
948.551145
948.553354
948.555556
948.557751
948.559939
948.562121
948.564297
948.566465
948.568627
948.570783
948.572932
948.575075
948.577211
948.579341
948.581465
948.583582
948.585693
948.587798
948.589896
948.591988
948.594074
948.596154
948.598227
948.600295
948.602356
948.604412
948.606461
948.608504
948.610542
948.612573
948.614599
948.616618
948.618632
948.620640
948.622642
948.624638
948.626628
948.628613
948.630592
948.632565
948.634532
948.636494
948.638451
948.640401
948.642346
948.644286
948.646220
948.648148
948.650071
948.651989
948.653901
948.655807
948.657709
948.659605
948.661495
948.663380
948.665260
948.667135
948.669004
948.670868
948.672727
948.674581
948.676430
948.678273
948.680111
948.681944
948.683773
948.685596
948.687414
948.689227
948.691034
948.692837
948.694635
948.696429
948.698217
948.700000
948.701778
948.703552
948.705321
948.707084
948.708844
948.710598
948.712347
948.714092
948.715832
948.717568
948.719298
948.721024
948.722746
948.724462
948.726174
948.727882
948.729585
948.731283
948.732977
948.734667
948.736352
948.738032
948.739708
948.741379
948.743046
948.744709
948.746367
948.748021
948.749671
948.751316
948.752957
948.754593
948.756225
948.757853
948.759477
948.761097
948.762712
948.764323
948.765930
948.767532
948.769131
948.770725
948.772316
948.773902
948.775484
948.777062
948.778636
948.780206
948.781772
948.783333
948.784891
948.786445
948.787995
948.789541
948.791083
948.792621
948.794155
948.795685
948.797212
948.798734
948.800253
948.801768
948.803279
948.804786
948.806289
948.807789
948.809285
948.810777
948.812265
948.813750
