99.550000
99.545000
99.535000
99.520000
99.500000
99.475000
99.445000
99.410000
99.370000
99.325000
99.275000
99.220000
99.160000
99.095000
99.025000
98.950000
98.870000
98.785000
98.695000
98.600000
98.500000
98.395000
98.285000
98.170000
98.050000
97.925000
97.795000
97.660000
97.520000
97.375000
97.225000
97.070000
96.910000
96.745000
96.575000
96.400000
96.220000
96.035000
95.845000
95.650000
95.450000
95.245000
95.035000
94.820000
94.600000
94.375000
94.145000
93.910000
93.670000
93.425000
93.175000
92.920000
92.660000
92.395000
92.125000
91.850000
91.570000
91.285000
90.995000
90.700000
90.400000
90.095000
89.785000
89.470000
89.150000
88.825000
88.495000
88.160000
87.820000
87.475000
87.125000
86.770000
86.410000
86.045000
85.675000
85.300000
84.920000
84.535000
84.145000
83.750000
83.350000
82.945000
82.535000
82.120000
81.700000
81.275000
80.845000
80.410000
79.970000
79.525000
79.075000
78.620000
78.160000
77.695000
77.225000
76.750000
76.270000
75.785000
75.295000
74.800000
74.300000
73.795000
73.285000
72.770000
72.250000
71.725000
71.195000
70.660000
70.120000
69.575000
69.025000
68.470000
67.910000
67.345000
66.775000
66.200000
65.620000
65.035000
64.445000
63.850000
63.250000
62.645000
62.035000
61.420000
60.800000
60.175000
59.545000
58.910000
58.270000
57.625000
56.975000
56.320000
55.660000
54.995000
54.325000
53.650000
52.970000
52.285000
51.595000
50.900000
50.200000
49.495000
48.785000
48.070000
47.350000
46.625000
45.895000
45.160000
44.420000
43.675000
42.925000
42.170000
41.410000
40.645000
39.875000
39.100000
38.320000
37.535000
36.745000
35.950000
35.150000
34.345000
33.535000
32.720000
31.900000
31.075000
30.245000
29.410000
28.570000
27.725000
26.875000
26.020000
25.160000
24.295000
23.425000
22.550000
21.670000
20.785000
19.895000
19.000000
18.100000
17.195000
16.285000
15.370000
14.450000
13.525000
12.595000
11.660000
10.720000
9.775000
8.825000
7.870000
6.910000
5.945000
4.975000
4.000000
3.020000
2.035000
1.045000
