98
0 0
0.011 0.01102
1.015 1.179428
1.079 1.263763
1.08 1.265089
2.015 2.582894
2.02 2.5902
2.028 2.601892
2.053 2.638442
2.06 2.648679
2.069 2.661842
2.088 2.689638
3.058 4.076443
4.025 5.2379
4.063 5.27613
5.009 6.00222
5.044 6.020356
7.009 6.179616
7.021 6.177084
7.031 6.174963
8.094 5.971546
10.036 6.845678
10.049 6.861164
10.054 6.867161
10.057 6.870769
10.094 6.915944
12.011 10.913473
14.051 17.217137
16.015 21.29055
17.042 21.505128
17.054 21.499089
18.066 20.365394
19.03 18.458468
20.022 16.329824
20.041 16.292621
20.042 16.29067
20.07 16.236299
20.09 16.197791
20.099 16.180554
21.028 14.81586
21.078 14.771687
21.083 14.767465
22.055 14.70708
23.071 16.474641
23.097 16.545215
24.011 19.753661
24.046 19.90188
25.019 24.544974
25.091 24.916458
26.014 29.7124
26.023 29.757948
26.05 29.894281
26.091 30.100376
27.036 34.375032
27.065 34.487048
28.099 37.429364
29.052 38.01311
30.031 36.421948
31.024 33.037576
31.085 32.791663
32.031 28.798945
32.032 28.794757
33.055 25.002475
33.079 24.930897
34.021 23.086269
34.039 23.07186
34.054 23.060511
34.07 23.049065
34.085 23.038957
36.016 27.063854
36.069 27.319094
37.009 32.836244
37.089 33.375816
39.041 47.131931
39.049 47.182303
40.073 52.458614
40.098 52.55294
41.008 54.629539
41.019 54.637704
41.021 54.639144
41.071 54.670673
42.003 53.705499
42.025 53.648328
43.085 49.314348
44.027 43.699005
44.077 43.381557
44.097 43.254453
45.031 37.516052
45.043 37.448202
45.073 37.279599
45.082 37.229308
45.084 37.218151
46.075 32.780795
46.088 32.740324
47.09 31.395587
49.016 39.45972
49.048 39.698875
49.071 39.872422
